2017_04_27_17_28_00 7.57189 1.87338 2.5
2017_04_27_17_28_00 8.05213 2.15574 2.5
2017_04_27_17_28_00 7.45631 2.25736 2.5
2017_04_27_17_28_00 8.74087 2.00827 2.5
2017_04_27_17_28_00 8.67968 2.39152 2.5
2017_04_27_17_28_00 7.73752 1.37989 2.5
2017_04_27_17_28_00 8.79228 1.3567 2.5
2017_04_27_17_28_00 8.79683 1.91488 2.5
2017_04_27_17_28_00 8.20027 1.19501 2.5
2017_04_27_17_28_00 7.90036 1.18879 2.5
2017_04_27_17_28_00 7.27749 2.86303 2.5
2017_04_27_17_28_00 7.66403 2.78924 2.5
2017_04_27_17_28_00 8.43051 1.4546 2.5
2017_04_27_17_28_00 7.52315 1.82144 2.5
2017_04_27_17_28_00 8.16663 2.25614 2.5
2017_04_27_17_28_00 7.94617 1.90323 2.5
2017_04_27_17_28_00 8.21556 2.19565 2.5
2017_04_27_17_28_00 8.52607 2.70959 2.5
2017_04_27_17_28_00 8.35345 2.24955 2.5
2017_04_27_17_28_00 7.80021 2.1315 2.5
2017_04_27_17_28_00 8.38065 1.36854 2.5
2017_04_27_17_28_00 8.64814 2.11026 2.5
2017_04_27_17_28_00 7.5023 1.48573 2.5
2017_04_27_17_28_00 8.31761 2.20945 2.5
2017_04_27_17_28_00 7.76208 2.16923 2.5
2017_04_27_17_28_00 7.32862 1.98892 2.5
2017_04_27_17_28_00 8.17928 2.48149 2.5
2017_04_27_17_28_00 8.3058 2.24076 2.5
2017_04_27_17_28_00 7.43858 2.60906 2.5
2017_04_27_17_28_00 8.58837 2.15207 2.5
2017_04_27_17_28_00 8.18353 2.82311 2.5
2017_04_27_17_28_00 7.26914 2.45537 2.5
2017_04_27_17_28_00 8.76245 2.33555 2.5
2017_04_27_17_28_00 8.11072 1.63002 2.5
2017_04_27_17_28_00 7.47828 1.61165 2.5
2017_04_27_17_28_00 8.59047 1.21711 2.5
2017_04_27_17_28_00 8.39091 2.70244 2.5
2017_04_27_17_28_00 7.72306 1.30976 2.5
2017_04_27_17_28_00 7.32256 1.1587 2.5
2017_04_27_17_28_00 8.512 2.28196 2.5
2017_04_27_17_28_00 7.91721 2.09018 2.5
2017_04_27_17_28_00 7.67799 1.81796 2.5
2017_04_27_17_28_00 8.00193 1.93112 2.5
2017_04_27_17_28_00 7.71686 1.30531 2.5
2017_04_27_17_28_00 7.70221 2.476 2.5
2017_04_27_17_28_00 8.73452 2.65337 2.5
2017_04_27_17_28_00 8.36005 2.7467 2.5
2017_04_27_17_28_00 8.7104 1.60012 2.5
2017_04_27_17_28_00 7.30518 1.25446 2.5
2017_04_27_17_28_00 8.03933 2.56993 2.5
2017_04_27_17_28_00 8.72978 2.21928 2.5
2017_04_27_17_28_00 8.60102 1.14454 2.5
2017_04_27_17_28_00 7.7154 2.30772 2.5
2017_04_27_17_28_00 8.00808 1.2096 2.5
2017_04_27_17_28_00 7.66447 1.45418 2.5
2017_04_27_17_28_00 8.08186 2.83996 2.5
2017_04_27_17_28_00 7.38326 2.3256 2.5
2017_04_27_17_28_00 7.80661 1.98508 2.5
2017_04_27_17_28_00 8.46937 1.99362 2.5
2017_04_27_17_28_00 7.81179 2.01852 2.5
2017_04_27_17_28_00 8.05144 2.37632 2.5
2017_04_27_17_28_00 7.83229 2.21256 2.5
2017_04_27_17_28_00 8.3326 1.01178 2.5
2017_04_27_17_28_00 8.19691 1.20124 2.5
2017_04_27_17_28_00 7.9864 2.72649 2.5
2017_04_27_17_28_00 7.99504 2.49467 2.5
2017_04_27_17_28_00 8.45658 1.76022 2.5
2017_04_27_17_28_00 7.77136 2.10562 2.5
2017_04_27_17_28_00 8.20936 2.91144 2.5
2017_04_27_17_28_00 7.7988 1.35316 2.5
2017_04_27_17_28_00 8.38925 1.26325 2.5
2017_04_27_17_28_00 8.17918 2.90344 2.5
2017_04_27_17_28_00 7.72775 1.05567 2.5
2017_04_27_17_28_00 8.22274 1.11182 2.5
2017_04_27_17_28_00 8.55531 1.26325 2.5
2017_04_27_17_28_00 8.15501 2.72863 2.5
2017_04_27_17_28_00 8.56635 2.44328 2.5
2017_04_27_17_28_00 7.40235 1.02936 2.5
2017_04_27_17_28_00 8.18743 2.41581 2.5
2017_04_27_17_28_00 7.30552 1.43513 2.5
2017_04_27_17_28_00 8.19857 1.33784 2.5
2017_04_27_17_28_00 7.71105 1.68197 2.5
2017_04_27_17_28_00 8.2576 1.73513 2.5
2017_04_27_17_28_00 8.49101 2.60479 2.5
2017_04_27_17_28_00 8.17776 2.05307 2.5
2017_04_27_17_28_00 8.64096 2.59636 2.5
2017_04_27_17_28_00 8.20828 1.28962 2.5
2017_04_27_17_28_00 7.60592 1.80483 2.5
2017_04_27_17_28_00 8.5683 1.27308 2.5
2017_04_27_17_28_00 7.88449 1.13233 2.5
2017_04_27_17_28_00 7.68366 2.1467 2.5
2017_04_27_17_28_00 7.5609 2.0961 2.5
2017_04_27_17_28_00 7.37701 1.6227 2.5
2017_04_27_17_28_00 7.41553 2.61608 2.5
2017_04_27_17_28_00 8.46098 1.5685 2.5
2017_04_27_17_28_00 8.46342 2.79046 2.5
2017_04_27_17_28_00 8.18436 2.48759 2.5
2017_04_27_17_28_00 8.57065 1.72225 2.5
2017_04_27_17_28_00 8.58173 1.45698 2.5
2017_04_27_17_28_00 7.59928 1.45888 2.5