2017_04_27_17_27_36 6.75145 0.501251 1.5
2017_04_27_17_27_36 7.07832 0.693304 1.5
2017_04_27_17_27_36 6.63983 1.08501 1.5
2017_04_27_17_27_36 7.19462 0.850291 1.5
2017_04_27_17_27_36 6.99547 1.32284 1.5
2017_04_27_17_27_36 7.14526 0.674108 1.5
2017_04_27_17_27_36 6.68471 1.2105 1.5
2017_04_27_17_27_36 6.01998 0.803995 1.5
2017_04_27_17_27_36 6.48594 0.591403 1.5
2017_04_27_17_27_36 6.2212 0.647313 1.5
2017_04_27_17_27_36 6.59426 1.48853 1.5
2017_04_27_17_27_36 6.00623 0.619083 1.5
2017_04_27_17_27_36 6.50384 0.508911 1.5
2017_04_27_17_27_36 6.76158 1.03166 1.5
2017_04_27_17_27_36 6.80955 1.10176 1.5
2017_04_27_17_27_36 6.88406 0.666234 1.5
2017_04_27_17_27_36 6.4695 0.950789 1.5
2017_04_27_17_27_36 6.81025 0.557039 1.5
2017_04_27_17_27_36 7.07014 1.28332 1.5
2017_04_27_17_27_36 6.4026 1.01988 1.5
2017_04_27_17_27_36 6.9689 1.37597 1.5
2017_04_27_17_27_36 7.23429 1.4559 1.5
2017_04_27_17_27_36 6.18978 1.03935 1.5
2017_04_27_17_27_36 6.31377 0.962081 1.5
2017_04_27_17_27_36 6.27947 1.36224 1.5
2017_04_27_17_27_36 7.12487 1.27966 1.5
2017_04_27_17_27_36 7.33293 1.4968 1.5
2017_04_27_17_27_36 6.52325 1.1115 1.5
2017_04_27_17_27_36 6.39637 0.766213 1.5
2017_04_27_17_27_36 6.03166 1.34014 1.5
2017_04_27_17_27_36 6.1235 0.875866 1.5
2017_04_27_17_27_36 6.07495 1.17721 1.5
2017_04_27_17_27_36 7.22505 0.508789 1.5
2017_04_27_17_27_36 6.36386 0.775887 1.5
2017_04_27_17_27_36 6.92158 1.08791 1.5
2017_04_27_17_27_36 6.96866 1.33761 1.5
2017_04_27_17_27_36 6.27381 0.984939 1.5
2017_04_27_17_27_36 6.62461 1.24374 1.5
2017_04_27_17_27_36 7.26554 0.957961 1.5
2017_04_27_17_27_36 6.14437 1.24444 1.5
2017_04_27_17_27_36 6.51365 1.09905 1.5
2017_04_27_17_27_36 6.81196 1.23501 1.5
2017_04_27_17_27_36 6.48179 1.07241 1.5
2017_04_27_17_27_36 6.30014 0.651555 1.5
2017_04_27_17_27_36 7.07051 0.925153 1.5
2017_04_27_17_27_36 7.31999 1.01711 1.5
2017_04_27_17_27_36 6.46075 1.25155 1.5
2017_04_27_17_27_36 6.87641 0.668981 1.5
2017_04_27_17_27_36 6.08472 0.991897 1.5
2017_04_27_17_27_36 6.67308 1.19976 1.5
2017_04_27_17_27_36 7.26611 0.647496 1.5
2017_04_27_17_27_36 7.20682 0.641575 1.5
2017_04_27_17_27_36 6.40407 1.19289 1.5
2017_04_27_17_27_36 6.09383 0.926557 1.5
2017_04_27_17_27_36 6.91092 1.46661 1.5
2017_04_27_17_27_36 7.16967 0.653233 1.5
2017_04_27_17_27_36 6.77607 1.32168 1.5
2017_04_27_17_27_36 6.23719 0.691351 1.5
2017_04_27_17_27_36 6.63369 1.31719 1.5
2017_04_27_17_27_36 6.6719 0.655553 1.5
2017_04_27_17_27_36 6.54079 1.23202 1.5
2017_04_27_17_27_36 6.75832 0.77958 1.5
2017_04_27_17_27_36 7.0078 1.18224 1.5
2017_04_27_17_27_36 6.63373 1.22192 1.5
2017_04_27_17_27_36 6.49041 0.62302 1.5
2017_04_27_17_27_36 6.0468 1.33468 1.5
2017_04_27_17_27_36 6.88398 1.01701 1.5
2017_04_27_17_27_36 6.13957 0.926222 1.5
2017_04_27_17_27_36 7.22851 1.44934 1.5
2017_04_27_17_27_36 6.46132 1.04955 1.5
2017_04_27_17_27_36 6.49997 0.971725 1.5
2017_04_27_17_27_36 6.4225 1.34698 1.5
2017_04_27_17_27_36 6.36252 0.956099 1.5
2017_04_27_17_27_36 6.39707 1.48297 1.5
2017_04_27_17_27_36 6.75637 1.23919 1.5
2017_04_27_17_27_36 7.01509 0.69599 1.5
2017_04_27_17_27_36 6.53021 1.33944 1.5
2017_04_27_17_27_36 7.18689 1.0009 1.5
2017_04_27_17_27_36 7.32617 0.527467 1.5
2017_04_27_17_27_36 6.06734 1.07259 1.5
2017_04_27_17_27_36 6.25876 1.03133 1.5
2017_04_27_17_27_36 6.83568 1.34304 1.5
2017_04_27_17_27_36 6.2638 1.15761 1.5
2017_04_27_17_27_36 6.16443 1.34216 1.5
2017_04_27_17_27_36 6.99083 0.609928 1.5
2017_04_27_17_27_36 7.25476 0.814066 1.5
2017_04_27_17_27_36 6.44842 0.786081 1.5
2017_04_27_17_27_36 6.97745 0.640263 1.5
2017_04_27_17_27_36 6.944 1.33462 1.5
2017_04_27_17_27_36 6.99629 1.10024 1.5
2017_04_27_17_27_36 6.19263 0.752724 1.5
2017_04_27_17_27_36 6.08134 0.501617 1.5
2017_04_27_17_27_36 7.13683 1.30624 1.5
2017_04_27_17_27_36 6.15414 0.710578 1.5
2017_04_27_17_27_36 6.019 1.05321 1.5
2017_04_27_17_27_36 6.60602 0.613773 1.5
2017_04_27_17_27_36 6.91486 1.25222 1.5
2017_04_27_17_27_36 6.09851 1.04344 1.5
2017_04_27_17_27_36 6.26925 0.93672 1.5
2017_04_27_17_27_36 6.38714 1.19622 1.5
